2018-07-27 17-27-35 30.0 0.005 15 [-2.01933 -0.40986 3.80984]
2018-07-27 17-27-31 30.0 0.005 15 [-15.22476 4.59345 24.35430]
2018-07-27 17-27-40 30.0 0.005 15 [-2.96158 0.87618 3.39774]
2018-07-27 17-45-34 30.0 0.5 15 [-28.58503 0.31572 -4.09957]
2018-07-27 17-46-48 30.0 0.01 15 [-3.68340 1.53742 12.11833]
2018-07-27 17-46-43 30.0 0.01 15 [-8.54872 0.75570 8.42553]
2018-07-27 17-46-57 30.0 0.01 15 [-11.29976 -1.55956 23.83491]
2018-07-27 17-46-51 30.0 0.01 15 [-6.19856 -1.19710 8.02412]
2018-07-27 17-57-19 30.0 1 15 [-31.04076 -4.63657 -6.38269]
2018-07-27 17-57-24 30.0 1 15 [-29.33857 -1.55332 3.10068]
2018-07-27 17-57-27 30.0 1 15 [-30.76069 -0.96621 2.82801]
2018-07-27 17-57-28 30.0 1 15 [-28.20711 -0.98109 0.34220]
2018-07-27 17-57-30 30.0 1 15 [-29.25010 -4.48629 3.02742]
2018-07-27 17-57-32 30.0 1 15 [-30.45086 -2.95135 -1.45877]
2018-07-27 17-57-33 30.0 1 15 [-26.79490 -3.63622 -6.20407]
2018-07-27 17-57-35 30.0 1 15 [-27.87808 0.63762 0.77580]
2018-07-27 17-57-35 30.0 1 15 [-24.16060 0.14251 14.24801]
2018-07-27 17-57-39 30.0 1 15 [-29.63580 -2.45509 -9.29435]
2018-07-27 17-58-27 30.0 0.005 15 [-4.72848 -2.71504 20.74593]
2018-07-27 17-58-26 30.0 0.005 15 [-4.82676 0.11192 10.56844]
2018-07-27 17-58-29 30.0 0.005 15 [-5.44036 1.46041 31.27158]
2018-07-27 17-58-28 30.0 0.005 15 [-1.75542 0.24474 -0.21581]
2018-07-27 17-58-31 30.0 0.005 15 [-5.16951 0.35710 5.51927]
2018-07-27 17-58-36 30.0 0.005 15 [-4.63405 0.34867 9.87418]
2018-07-27 17-58-33 30.0 0.005 15 [-2.41376 1.02874 3.69774]
2018-07-27 17-58-30 30.0 0.005 15 [-3.43099 1.14221 13.28390]
2018-07-27 17-58-33 30.0 0.005 15 [-7.07475 0.59847 25.99188]
2018-07-27 17-58-32 30.0 0.005 15 [-2.05341 4.79244 29.96194]
2018-08-15 15-35-18 30.0 0.05 15 [-12.13440 0.32659 11.69315]
